Punctele de pe cerc sunt:

x1=4.52376     y1=3.62192
x2=3.24625     y2=4.7289
x3=1.57306     y3=4.96946
x4=0.0354178     y4=4.26725
x5=-0.878479     y5=2.8452
x6=-0.878479     y6=1.1548
x7=0.0354178     y7=-0.267249
x8=1.57306     y8=-0.969464
x9=3.24625     y9=-0.728896
x10=4.52376     y10=0.378078
x11=5     y11=2
